-0.35765    0.856474
-0.39621    1.01516
0.361449    1.16125
-0.221279    0.796039
-0.131901    0.682401
-0.263875    0.513475
-0.0280177    0.840416
-0.535104    1.292
0.180133    1.06995
-0.178412    1.04628
-0.177131    0.933976
-0.0207114    1.22265
0.247964    0.937036
0.129743    1.0207
0.400889    0.743931
-0.422656    0.688722
-0.0501353    1.54513
0.178855    1.31237
0.198589    1.09122
-0.191397    1.1229
0.607085    0.516608
0.507876    1.08566
-0.221591    0.966399
0.0069006    0.857451
-0.164725    0.494447
0.241168    1.17347
-0.292424    1.19334
-0.368882    0.926542
0.0741296    1.05044
-0.295316    1.01737
0.251013    1.50987
0.103928    1.10226
-0.0201639    0.536666
0.169695    0.892631
0.136137    1.09991
-0.0907384    0.889273
-0.514952    0.83688
-0.432964    1.22928
0.208932    0.701291
0.09132    0.749668
0.137143    1.26738
-0.316988    0.852832
-0.017387    1.34672
-0.242013    1.17982
-0.25341    0.540941
-0.11515    0.986502
-0.160135    0.720206
0.411259    1.40743
0.215738    1.06164
-0.373047    1.04485
0.724282    1.19735
-0.355139    0.773217
0.40017    1.04441
0.173093    0.673867
-0.143371    0.968564
-0.232461    1.01406
0.0595882    1.07277
-0.126174    0.762536
-0.100729    0.71253
0.0174416    0.687658
0.0312793    0.909681
-0.461759    0.999433
-0.0118589    0.6073
0.0888434    0.674202
0.161483    0.858224
0.298207    1.02187
0.116034    1.50735
0.151435    1.19541
0.158619    1.23913
0.140747    0.46436
-0.0451417    0.965871
-0.133382    1.21015
-0.451986    1.61124
0.247732    1.14314
0.0278541    0.814794
0.211394    1.04741
0.298486    1.00015
0.117215    1.22573
0.0743298    0.93052
0.397993    1.10606
0.041247    1.24747
0.244222    0.840617
-0.420077    0.663594
-0.132435    0.555615
0.629642    0.729472
-0.317373    0.428123
0.0240571    1.13778
-0.107126    0.582165
-0.0283311    0.910623
0.298362    0.722911
-0.49925    0.894055
0.0549936    0.756083
-0.229955    1.31019
0.306951    1.15422
0.025498    0.945824
-0.204964    0.84943
0.0595993    0.858029
0.0952989    1.21914
0.176181    0.860257
0.159169    0.744217
1.11182    -0.577803
1.06    0.767091
0.658827    0.203266
0.537305    0.332532
0.523842    -0.524001
0.585693    -0.708631
0.997459    -0.618649
1.19399    0.402313
0.408826    0.182686
1.65038    0.565737
1.50559    -0.366174
0.804491    -0.199886
1.47497    0.0420522
1.0389    -0.194452
0.807062    1.08118
0.598927    0.20757
1.52576    -0.178511
1.2465    -0.391483
0.997849    0.384822
1.0926    -0.0279441
1.22174    0.0589556
1.03245    -0.235315
1.6768    0.0929811
1.72385    -0.016583
1.2019    0.183691
0.696287    0.510184
0.763914    0.18246
1.9882    0.120144
0.542676    -1.28154
1.61891    0.104322
1.27923    -0.538498
1.15417    -0.616324
0.696868    -0.0851918
0.626139    0.510235
0.0665023    -0.936412
0.781242    -0.0108537
0.557039    -0.756493
1.75672    0.0694981
1.09333    -0.558087
1.81429    0.320033
1.24367    0.588734
1.21355    -0.0591465
0.899392    -0.186465
1.0203    0.318364
0.749124    0.167106
0.931356    0.127884
1.35043    -0.182666
1.55844    -0.212596
0.553912    0.1759
1.70863    -0.273042
1.23946    0.0362126
1.87804    -0.0838433
0.612512    0.223006
1.69034    0.690702
0.660625    -0.215313
0.991845    0.342804
0.963451    0.24564
1.25239    -0.458661
0.57498    -0.145736
1.50573    0.217802
1.26612    -0.0555759
1.68406    -0.966592
1.16656    -0.276798
1.81029    0.173835
0.0985458    -0.53793
1.17905    0.325397
1.11859    -0.0136479
0.865692    0.807361
-0.140347    0.883545
1.10872    -0.185465
1.00587    -0.720415
1.03232    0.116929
0.864562    -0.187087
1.19313    -0.169505
0.923289    0.164039
1.27621    0.0717687
1.15942    0.196733
1.25735    0.220519
1.07608    0.754665
1.16436    0.315697
0.753067    0.597756
0.346567    -0.111151
0.320847    -0.0216054
0.323577    -0.492101
1.514    0.428934
0.861624    0.0128594
0.613077    0.0795908
1.14486    0.496552
0.517368    0.488393
1.04744    0.0709127
0.820238    0.563082
0.932801    -0.118457
0.951316    0.26851
0.724673    0.294787
0.955927    0.485119
0.974567    -0.537425
1.45102    0.253176
1.2956    0.315294
0.595047    0.0447361
1.30182    0.814873
0.93811    0.208765
0.721577    0.0647879
0.800755    0.141079
0.614632    -0.687938
0.747765    -0.254382
1.0435    -0.480945
0.742837    -0.204028
0.221768    0.600631
1.0119    0.00918108
0.476251    0.135806
1.29479    0.278128
0.998771    0.214867
1.55755    0.288153
1.55117    0.0521448
1.10854    -0.439572
0.774813    -0.217557
1.01742    0.118129
1.25716    0.532635
1.30478    0.553966
0.701872    0.817234
0.844147    -0.26266
1.03687    0.688704
1.22732    -0.20332
1.41458    0.339377
0.699043    0.0932868
1.72185    0.5377
1.40925    0.511475
0.566864    -0.3247
0.722012    0.508319
0.848283    -0.245612
1.01733    0.609524
1.06451    -0.346126
1.97153    -0.332618
0.650788    -0.192264
0.921042    0.0862138
0.303209    0.241481
0.671166    0.477697
0.846972    0.515564
0.848813    0.358452
1.49474    -0.136913
1.25956    1.11274
0.611251    -0.435651
0.680969    0.140565
1.03653    0.921629
1.44223    -0.672453
1.04833    0.0502343
1.53175    -0.578444
0.534784    -0.409876
0.876211    -0.271921
1.54915    -0.879821
0.59024    -0.269424
1.15298    0.243545
0.661513    0.061484
0.541755    -0.74257
1.01552    0.389736
0.5781    -0.758762
1.34566    -0.488684
0.421153    -0.469665
1.35368    0.677427
0.985041    0.315218
1.16585    -0.434474
0.948391    -0.37989
1.04286    -0.0894164
0.991373    -0.269811
0.869806    0.303328
0.555521    0.121028
0.799487    0.736662
0.976617    0.0564611
0.396268    -0.327373
0.716699    0.133898
0.964189    -0.448843
0.813313    0.621931
0.23658    0.594209
1.47295    -0.398141
1.05714    -0.0356763
1.13518    0.484411
0.421602    -0.607899
1.12504    -0.317269
1.47184    -0.732364
1.95936    0.350484
0.546004    0.472021
0.834887    -0.125025
0.690726    -0.143664
1.34655    -0.460169
1.51473    0.0396938
1.32088    0.219075
0.875184    0.125874
1.49959    0.334267
1.21002    -0.34595
1.10161    -0.629735
1.18736    0.50203
1.23729    -0.158531
0.429279    0.773569
0.437745    0.414517
1.06879    -0.138643
0.761967    -0.247637
0.917962    -0.509055
1.19452    -0.117963
0.279418    -0.187222
1.07578    0.20647
